nemoids <- c(
  "2025091002d1f664",
  "202509100539df0e",
  "2025091008f46baf",
  "202509100c2a889d",
  "202509100f5f7051",
  "20250910117c3950",
  "202509102597e9d6",
  "2025091027c704fe",
  "2025091030faf837",
  "202509103360ecd6",
  "2025091037446890",
  "202509103a0917ef",
  "202509103b4944d6",
  "202509103c7b1a3b",
  "202509103e514a1c",
  "20250910410b2e4a",
  "202509104d210311",
  "2025091052e970c2",
  "202509106675981b",
  "202509106cfb2d3c",
  "202509106e0184ab",
  "2025091070c6deeb",
  "202509107df2eacc",
  "2025091088c1f4cf",
  "202509108edb21f8",
  "2025091090003861",
  "2025091095e30977",
  "2025091098bbd78e",
  "20250910a1bd15fe",
  "20250910a92af94f",
  "20250910acc872ce",
  "20250910b186a805",
  "20250910b5c49068",
  "20250910b8324300",
  "20250910bb543e4c",
  "20250910bd7802a2",
  "20250910c6923fd7",
  "20250910d5123c69",
  "20250910d68e6794",
  "20250910ec833cdb",
  "20250910ff9c3005",
  "202509110036e0ff",
  "2025091119daf4b5",
  "202509112014a569",
  "20250911256c51b2",
  "2025091140a566fb",
  "202509114491c731",
  "20250911550e8d17",
  "202509116548d906",
  "2025091173a55ee8",
  "2025091174058064",
  "2025091176b237f7",
  "2025091179035e70",
  "202509117d81c101",
  "202509118351b300",
  "20250911981caabc",
  "20250911aae07edb",
  "20250911b102dd5d",
  "20250911c39d9c46",
  "20250911d04e59f6",
  "20250911d5c76874",
  "20250911dbae1942",
  "20250911e7c8507e",
  "20250911ee214c35",
  "20250911f094f37b",
  "20250911f5c702df",
  "2025091212c2d6d9",
  "202509126c8f95dc",
  "202509127e1e725b",
  "2025091287307208",
  "20250912dc85f014",
  "20250914430fbf52",
  "202509144b314793",
  "202509146e384e6c",
  "20250914cf29419e",
  "20250914f11aa851",
  "202509154540f6b8",
  "202509160d0eecf1",
  "202509160eec6513",
  "202509161e8d15db",
  "202509162dc5bd0e",
  "20250916394a6499",
  "202509164c45782d",
  "2025091659da4ed5",
  "202509165b445c1d",
  "202509165f284b1f",
  "2025091661010674",
  "2025091666ceb7d6",
  "202509166c6cf3fc",
  "2025091679fb20a2",
  "202509167e579e4f",
  "2025091682a11ca4",
  "202509169027ef2c",
  "20250916a59eb8c9",
  "20250916aedbfd7d",
  "20250916afe841ff",
  "20250916bfa6341e",
  "20250916c3388207",
  "20250916c9b826df",
  "20250916edd690e9",
  "20250916f21579fa",
  "20250916f4abd2c7"
)
